Num samples: 18
Num observations: 24364
Total count: 84797
Table density (fraction of non-zero values): 0.133

Counts/sample summary:
 Min: 4710.9999999984611
 Max: 4711.0000000005921
 Median: 4711.000
 Mean: 4711.000
 Std. dev.: 0.000
 Sample Metadata Categories: None provided
 Observation Metadata Categories: ConsensusLineage

Counts/sample detail:
C10: 4710.999999998461
C13: 4710.999999998544
C15: 4710.999999998887
C14: 4710.999999999083
C02: 4710.999999999087
C06: 4710.999999999192
C07: 4710.999999999209
C11: 4710.999999999225
C17: 4710.9999999992515
C05: 4710.999999999275
C18: 4710.999999999301
C08: 4710.999999999305
C01: 4710.999999999427
C09: 4710.9999999994425
C04: 4710.999999999519
C12: 4710.999999999846
C03: 4711.0
C16: 4711.000000000592